n = 50;
dist = [
37
1000000000
24
10
1000000000
1000000000
34
38
1000000000
1000000000
11
1000000000
2
1000000000
1000000000
1000000000
7
22
12
1000000000
1000000000
37
1000000000
1000000000
8
1000000000
1000000000
1000000000
1000000000
1000000000
1000000000
1000000000
1000000000
1000000000
1000000000
1000000000
27
1000000000
1000000000
1000000000
1000000000
1000000000
1000000000
22
1000000000
11
1000000000
1000000000
14
64
14
46
51
26
1000000000
1000000000
56
1000000000
1000000000
1000000000
38
1000000000
38
1000000000
43
1000000000
48
1000000000
43
1000000000
1000000000
1000000000
44
47
41
1000000000
29
1000000000
63
70
74
38
1000000000
42
1000000000
77
1000000000
35
30
21
56
58
52
47
41
52
50
51
1000000000
1000000000
39
61
65
9
1000000000
1000000000
49
1000000000
28
27
74
1000000000
49
1000000000
1000000000
1000000000
64
53
60
1000000000
18
1000000000
28
36
1000000000
1000000000
7
11
1000000000
57
23
54
14
43
30
35
44
9
1000000000
1000000000
1000000000
1000000000
13
1000000000
33
1000000000
1000000000
11
15
43
1000000000
1000000000
1000000000
25
1000000000
25
1000000000
30
1000000000
35
1000000000
30
14
1000000000
1000000000
31
34
28
1000000000
16
1000000000
50
57
61
25
1000000000
1000000000
4
64
1000000000
1000000000
17
8
43
45
39
34
28
39
37
1000000000
1000000000
43
47
1000000000
1000000000
20
1000000000
1000000000
1000000000
1000000000
56
1000000000
31
1000000000
1000000000
1000000000
46
35
42
1000000000
1000000000
6
1000000000
18
1000000000
1000000000
1000000000
1000000000
1000000000
39
1000000000
36
1000000000
1000000000
1000000000
17
26
1000000000
13
1000000000
1000000000
6
1000000000
1000000000
26
48
52
1000000000
1000000000
1000000000
36
1000000000
15
1000000000
61
1000000000
1000000000
1000000000
1000000000
1000000000
51
40
47
1000000000
1000000000
1000000000
15
1000000000
1000000000
1000000000
20
24
1000000000
44
1000000000
1000000000
27
30
17
1000000000
1000000000
1000000000
1000000000
1000000000
1000000000
1000000000
1000000000
1000000000
23
27
31
1000000000
1000000000
1000000000
1000000000
1000000000
13
36
1000000000
1000000000
1000000000
1000000000
1000000000
26
15
22
1000000000
22
1000000000
1000000000
1000000000
1000000000
38
45
49
1000000000
19
17
1000000000
52
1000000000
10
1000000000
1000000000
31
1000000000
27
1000000000
1000000000
27
1000000000
5
53
1000000000
24
1000000000
35
1000000000
35
1000000000
40
13
45
1000000000
40
1000000000
1000000000
1000000000
41
44
38
1000000000
26
1000000000
60
67
71
35
1000000000
39
8
74
1000000000
32
27
18
53
55
49
44
38
49
47
57
34
28
1000000000
39
1000000000
39
1000000000
44
17
49
1000000000
44
1000000000
1000000000
1000000000
45
48
42
1000000000
30
1000000000
64
71
75
39
1000000000
43
12
78
1000000000
36
31
22
57
59
53
48
42
53
51
1000000000
1000000000
41
1000000000
20
19
66
1000000000
1000000000
1000000000
1000000000
1000000000
56
45
52
1000000000
1000000000
1000000000
20
1000000000
1000000000
1000000000
15
19
1000000000
49
15
46
22
35
22
1000000000
36
1000000000
1000000000
1000000000
1000000000
1000000000
1000000000
1000000000
1000000000
1000000000
1000000000
1000000000
1000000000
1000000000
11
1000000000
1000000000
1000000000
11
1000000000
1000000000
1000000000
12
1000000000
1000000000
1000000000
1000000000
1000000000
1000000000
1000000000
1000000000
1000000000
1000000000
1000000000
1000000000
1000000000
1000000000
1000000000
1000000000
1000000000
1000000000
26
1000000000
1000000000
1000000000
1000000000
18
1000000000
12
1000000000
1000000000
1000000000
17
12
22
1000000000
17
1000000000
1000000000
1000000000
18
1000000000
1000000000
1000000000
1000000000
1000000000
1000000000
1000000000
1000000000
12
1000000000
1000000000
17
1000000000
1000000000
1000000000
1000000000
1000000000
1000000000
32
1000000000
21
1000000000
1000000000
24
1000000000
22
23
26
1000000000
1000000000
1000000000
1000000000
1000000000
1000000000
1000000000
1000000000
1000000000
32
1000000000
22
1000000000
24
48
55
59
1000000000
1000000000
27
1000000000
62
7
20
1000000000
1000000000
41
1000000000
37
1000000000
1000000000
37
1000000000
1000000000
1000000000
1000000000
6
23
11
1000000000
1000000000
38
1000000000
1000000000
7
1000000000
1000000000
1000000000
1000000000
1000000000
1000000000
1000000000
1000000000
1000000000
1000000000
1000000000
28
1000000000
1000000000
1000000000
1000000000
1000000000
1000000000
21
1000000000
10
1000000000
1000000000
13
1000000000
47
1000000000
1000000000
1000000000
1000000000
1000000000
1000000000
1000000000
1000000000
1000000000
1000000000
1000000000
1000000000
1000000000
1000000000
1000000000
34
38
1000000000
1000000000
1000000000
1000000000
41
1000000000
1000000000
1000000000
1000000000
1000000000
1000000000
1000000000
1000000000
1000000000
1000000000
1000000000
48
1000000000
1000000000
1000000000
1000000000
1000000000
38
27
34
1000000000
1000000000
1000000000
1000000000
1000000000
1000000000
26
33
37
1000000000
31
1000000000
28
40
1000000000
1000000000
1000000000
1000000000
19
1000000000
1000000000
1000000000
1000000000
15
1000000000
1000000000
1000000000
58
46
1000000000
1000000000
22
15
1000000000
57
51
47
39
49
73
80
84
1000000000
18
52
1000000000
87
32
45
1000000000
31
66
68
62
57
51
62
60
28
1000000000
1000000000
1000000000
43
1000000000
1000000000
1000000000
1000000000
1000000000
1000000000
1000000000
1000000000
1000000000
1000000000
1000000000
6
1000000000
1000000000
33
1000000000
1000000000
1000000000
1000000000
1000000000
1000000000
16
1000000000
1000000000
1000000000
1000000000
8
33
1000000000
28
1000000000
1000000000
1000000000
29
1000000000
26
1000000000
1000000000
1000000000
48
55
59
23
1000000000
1000000000
6
62
1000000000
1000000000
15
1000000000
1000000000
43
37
32
26
1000000000
35
1000000000
1000000000
48
37
44
1000000000
1000000000
8
1000000000
20
1000000000
1000000000
1000000000
1000000000
11
41
1000000000
38
1000000000
1000000000
1000000000
19
28
1000000000
11
1000000000
2
8
1000000000
1000000000
1000000000
1000000000
1000000000
1000000000
1000000000
1000000000
1000000000
1000000000
1000000000
4
1000000000
1000000000
1000000000
1000000000
1000000000
1000000000
1000000000
42
1000000000
1000000000
1000000000
1000000000
1000000000
1000000000
1000000000
1000000000
1000000000
1000000000
1000000000
43
1000000000
1000000000
1000000000
1000000000
1000000000
1000000000
1000000000
1000000000
1000000000
1000000000
1000000000
1000000000
1000000000
1000000000
33
1000000000
1000000000
1000000000
1000000000
1000000000
1000000000
1000000000
1000000000
1000000000
1000000000
1000000000
1000000000
1000000000
1000000000
44
47
41
1000000000
29
1000000000
63
70
74
38
1000000000
42
1000000000
77
1000000000
35
30
21
56
58
52
47
41
52
50
8
1000000000
36
30
1000000000
1000000000
1000000000
52
59
63
1000000000
5
31
1000000000
66
1000000000
24
1000000000
1000000000
45
47
41
36
1000000000
41
39
1000000000
43
37
1000000000
25
1000000000
59
66
70
1000000000
4
38
1000000000
73
18
31
1000000000
1000000000
52
54
48
43
37
48
46
1000000000
1000000000
1000000000
1000000000
1000000000
1000000000
1000000000
1000000000
7
1000000000
1000000000
34
1000000000
1000000000
1000000000
1000000000
1000000000
1000000000
15
1000000000
1000000000
1000000000
1000000000
7
1000000000
1000000000
1000000000
1000000000
17
24
28
1000000000
40
1000000000
37
31
1000000000
1000000000
1000000000
27
1000000000
1000000000
1000000000
1000000000
1000000000
1000000000
1000000000
1000000000
13
1000000000
1000000000
1000000000
1000000000
1000000000
34
1000000000
31
1000000000
1000000000
1000000000
12
21
1000000000
18
1000000000
7
1000000000
1000000000
1000000000
1000000000
1000000000
1000000000
34
38
1000000000
1000000000
1000000000
1000000000
41
1000000000
1000000000
1000000000
1000000000
1000000000
1000000000
1000000000
1000000000
1000000000
1000000000
1000000000
1000000000
35
42
46
1000000000
1000000000
1000000000
19
49
1000000000
1000000000
1000000000
9
1000000000
30
24
19
13
1000000000
22
1000000000
1000000000
1000000000
1000000000
1000000000
1000000000
1000000000
39
1000000000
1000000000
1000000000
1000000000
1000000000
1000000000
1000000000
1000000000
1000000000
1000000000
1000000000
1000000000
12
1000000000
56
1000000000
53
15
42
29
34
43
1000000000
1000000000
12
1000000000
1000000000
1000000000
1000000000
1000000000
1000000000
63
29
60
8
49
36
41
50
15
1000000000
1000000000
1000000000
1000000000
19
1000000000
1000000000
67
33
64
4
53
40
45
54
19
1000000000
23
1000000000
1000000000
23
1000000000
1000000000
1000000000
28
1000000000
1000000000
1000000000
1000000000
1000000000
1000000000
21
1000000000
10
1000000000
1000000000
13
35
1000000000
70
15
28
1000000000
1000000000
49
51
45
40
1000000000
45
43
1000000000
36
21
8
1000000000
1000000000
15
1000000000
1000000000
1000000000
1000000000
11
1000000000
67
1000000000
1000000000
20
11
46
48
42
37
31
42
40
56
43
48
57
22
1000000000
26
1000000000
1000000000
26
1000000000
14
1000000000
1000000000
35
1000000000
1000000000
1000000000
1000000000
31
1000000000
1000000000
1000000000
22
1000000000
1000000000
1000000000
1000000000
18
1000000000
1000000000
1000000000
29
23
18
12
1000000000
21
36
38
32
27
21
32
30
1000000000
1000000000
1000000000
1000000000
1000000000
1000000000
1000000000
12
18
1000000000
1000000000
1000000000
1000000000
1000000000
1000000000
7
1000000000
1000000000
1000000000
10
1000000000
];
